EventTime	aTemp	RH	DP	cTemp	mTemp	sLid	sVacuu	sPressure	IsOkay
20230405171633	18.15	0.97	-39.44	16.77	17.33	1	1	1	1
20230405171634	18.12	0.89	-40.29	16.77	17.33	1	1	1	1
20230405171635	18.13	0.99	-39.25	16.77	17.36	1	1	1	1
20230405171636	18.13	0.99	-39.25	16.77	17.36	1	1	1	1
20230405171637	18.15	0.95	-39.64	16.77	17.36	1	1	1	1
20230405171638	18.13	0.97	-39.45	16.77	17.39	1	1	1	1
20230405171639	18.13	0.95	-39.65	16.77	17.39	1	1	1	1
20230405171640	18.15	0.99	-39.24	16.77	17.36	1	1	1	1
20230405171641	18.15	0.93	-39.84	16.8	17.36	1	1	1	1
20230405171642	18.13	0.97	-39.45	16.8	17.39	1	1	1	1
20230405171644	18.15	0.91	-40.05	16.8	17.39	1	1	1	1
20230405171645	18.15	0.86	-40.6	16.8	17.39	1	1	1	1
20230405171646	18.15	0.97	-39.44	16.8	17.39	1	1	1	1
20230405171647	18.15	0.95	-39.64	16.8	17.39	1	1	1	1
20230405171648	18.17	0.93	-39.83	16.82	17.39	1	1	1	1
20230405171649	18.15	0.99	-39.24	16.8	17.42	1	1	1	1
20230405171650	18.15	0.89	-40.27	16.8	17.39	1	1	1	1
20230405171651	18.13	0.99	-39.25	16.8	17.39	1	1	1	1
20230405171652	18.16	0.99	-39.23	16.77	17.39	1	1	1	1
20230405171653	18.16	0.95	-39.63	16.59	17.36	1	1	1	1
20230405171655	18.16	0.93	-39.84	16.43	17.33	1	1	1	1
20230405171656	18.17	0.95	-39.63	16.22	17.27	1	1	1	1
20230405171657	18.16	0.92	-39.94	16.06	17.18	1	1	1	1
20230405171658	18.17	0.97	-39.43	15.88	17.09	1	1	1	1
20230405171659	18.17	0.93	-39.83	15.69	16.97	1	1	1	1
20230405171700	18.15	0.97	-39.44	15.49	16.87	1	1	1	1
20230405171701	18.13	0.95	-39.65	15.33	16.75	1	1	1	1
20230405171702	18.15	0.95	-39.64	15.15	16.63	1	1	1	1
20230405171703	18.17	0.95	-39.63	14.97	16.51	1	1	1	1
20230405171704	18.13	0.95	-39.65	14.78	16.39	1	1	1	1
20230405171706	18.13	0.97	-39.45	14.6	16.27	1	1	1	1
20230405171707	18.1	0.97	-39.47	14.45	16.15	1	1	1	1
20230405171708	18.1	0.88	-40.41	14.27	16.06	1	1	1	1
20230405171709	18.09	0.99	-39.28	14.14	15.94	1	1	1	1
20230405171710	18.09	0.95	-39.68	13.96	15.79	1	1	1	1
20230405171711	18.09	0.97	-39.47	13.81	15.7	1	1	1	1
20230405171712	18.08	0.97	-39.48	13.65	15.58	1	1	1	1
20230405171713	18.08	1.03	-38.9	13.52	15.49	1	1	1	1
20230405171714	18.05	0.99	-39.3	13.4	15.37	1	1	1	1
20230405171715	18.02	0.93	-39.92	13.24	15.28	1	1	1	1
20230405171717	18.02	0.95	-39.72	13.12	15.2	1	1	1	1
20230405171718	18.0	0.95	-39.73	12.96	15.05	1	1	1	1
20230405171719	17.99	0.95	-39.74	12.86	15.02	1	1	1	1
20230405171720	17.99	0.97	-39.53	12.73	14.93	1	1	1	1
20230405171721	17.95	0.96	-39.66	12.61	14.84	1	1	1	1
20230405171722	17.93	0.91	-40.19	12.48	14.72	1	1	1	1
20230405171723	17.95	0.94	-39.86	12.35	14.63	1	1	1	1
20230405171724	17.95	0.94	-39.86	12.25	14.57	1	1	1	1
20230405171725	17.92	0.98	-39.48	12.15	14.45	1	1	1	1
20230405171726	17.92	0.96	-39.68	12.02	14.39	1	1	1	1
20230405171727	17.89	0.96	-39.7	11.95	14.3	1	1	1	1
20230405171729	17.88	0.94	-39.9	11.82	14.22	1	1	1	1
20230405171730	17.88	0.96	-39.7	11.72	14.16	1	1	1	1
20230405171731	17.86	1.0	-39.32	11.62	14.07	1	1	1	1
20230405171732	17.82	0.98	-39.54	11.52	14.01	1	1	1	1
20230405171733	17.82	0.9	-40.36	11.42	13.95	1	1	1	1
20230405171734	17.8	0.92	-40.16	11.32	13.86	1	1	1	1
20230405171735	17.79	0.98	-39.56	11.24	13.83	1	1	1	1
20230405171736	17.78	0.94	-39.97	11.16	13.74	1	1	1	1
20230405171737	17.78	0.92	-40.17	11.09	13.68	1	1	1	1
20230405171738	17.75	0.9	-40.4	10.99	13.6	1	1	1	1
20230405171740	17.72	0.98	-39.6	10.91	13.54	1	1	1	1
20230405171741	17.72	0.96	-39.8	10.84	13.48	1	1	1	1
20230405171742	17.73	0.9	-40.41	10.76	13.42	1	1	1	1
20230405171743	17.7	0.96	-39.81	10.69	13.39	1	1	1	1
20230405171744	17.7	0.92	-40.22	10.61	13.36	1	1	1	1
20230405171745	17.65	0.94	-40.04	10.56	13.3	1	1	1	1
20230405171746	17.66	0.94	-40.04	10.46	13.21	1	1	1	1
20230405171747	17.65	0.95	-39.94	10.39	13.15	1	1	1	1
20230405171748	17.65	0.97	-39.74	10.34	13.1	1	1	1	1
20230405171749	17.65	0.94	-40.04	10.29	13.07	1	1	1	1
20230405171750	17.61	0.97	-39.77	10.21	13.01	1	1	1	1
20230405171752	17.61	0.95	-39.97	10.16	12.98	1	1	1	1
20230405171753	17.58	0.95	-39.98	10.03	12.92	1	1	1	1
20230405171754	17.59	0.97	-39.78	10.03	12.89	1	1	1	1
20230405171755	17.58	0.97	-39.78	9.96	12.86	1	1	1	1
20230405171756	17.55	0.92	-40.31	9.91	12.8	1	1	1	1
20230405171757	17.55	0.93	-40.21	9.86	12.74	1	1	1	1
20230405171758	17.54	0.95	-40.01	9.81	12.71	1	1	1	1
20230405171759	17.52	0.89	-40.65	9.76	12.68	1	1	1	1
20230405171800	17.52	0.95	-40.02	9.71	12.65	1	1	1	1
20230405171801	17.51	0.91	-40.44	9.66	12.63	1	1	1	1
20230405171802	17.49	0.95	-40.04	9.63	12.57	1	1	1	1
20230405171803	17.48	0.97	-39.84	9.58	12.54	1	1	1	1
20230405171805	17.48	0.95	-40.05	9.53	12.48	1	1	1	1
20230405171806	17.49	0.93	-40.24	9.48	12.48	1	1	1	1
20230405171807	17.45	0.89	-40.69	9.43	12.45	1	1	1	1
20230405171808	17.42	0.95	-40.08	9.38	12.39	1	1	1	1
20230405171809	17.44	0.91	-40.48	9.36	12.36	1	1	1	1
20230405171810	17.42	0.87	-40.92	9.31	12.36	1	1	1	1
20230405171811	17.41	0.83	-41.38	9.28	12.33	1	1	1	1
20230405171812	17.41	0.89	-40.71	9.23	12.3	1	1	1	1
20230405171813	17.39	0.93	-40.3	9.21	12.24	1	1	1	1
20230405171814	17.39	0.91	-40.51	9.16	12.24	1	1	1	1
20230405171816	17.37	0.94	-40.21	9.13	12.19	1	1	1	1
20230405171817	17.37	0.93	-40.32	9.11	12.19	1	1	1	1
20230405171818	17.35	0.87	-40.97	9.06	12.13	1	1	1	1
20230405171819	17.35	0.93	-40.33	9.03	12.13	1	1	1	1
20230405171820	17.34	0.94	-40.23	8.96	12.13	1	1	1	1
20230405171821	17.35	0.85	-41.19	8.98	12.07	1	1	1	1
20230405171822	17.34	0.96	-40.03	8.94	12.07	1	1	1	1
20230405171823	17.33	0.94	-40.24	8.91	12.01	1	1	1	1
20230405171824	17.3	0.91	-40.57	8.86	11.98	1	1	1	1
20230405171825	17.3	0.96	-40.05	8.86	11.98	1	1	1	1
20230405171826	17.3	0.94	-40.26	8.81	11.98	1	1	1	1
20230405171828	17.28	0.91	-40.58	8.79	11.92	1	1	1	1
20230405171829	17.28	0.94	-40.27	8.79	11.89	1	1	1	1
20230405171830	17.27	0.89	-40.8	8.76	11.89	1	1	1	1
20230405171831	17.25	0.96	-40.08	8.71	11.86	1	1	1	1
20230405171832	17.25	0.91	-40.6	8.69	11.89	1	1	1	1
20230405171833	17.25	0.94	-40.29	8.64	11.84	1	1	1	1
20230405171834	17.24	0.89	-40.82	8.66	11.84	1	1	1	1
20230405171835	17.23	0.94	-40.3	8.64	11.84	1	1	1	1
20230405171836	17.23	0.92	-40.51	8.61	11.84	1	1	1	1
20230405171837	17.23	0.96	-40.1	8.59	11.78	1	1	1	1
20230405171838	17.21	0.9	-40.73	8.59	11.75	1	1	1	1
20230405171840	17.23	0.89	-40.82	8.56	11.75	1	1	1	1
20230405171841	17.21	0.85	-41.27	8.51	11.72	1	1	1	1
20230405171842	17.23	0.94	-40.3	8.46	11.69	1	1	1	1
20230405171843	17.19	0.9	-40.74	8.41	11.66	1	1	1	1
20230405171844	17.19	0.92	-40.53	8.34	11.63	1	1	1	1
20230405171845	17.18	0.9	-40.75	8.29	11.63	1	1	1	1
20230405171846	17.17	0.92	-40.54	8.24	11.6	1	1	1	1
20230405171847	17.15	0.9	-40.76	8.19	11.57	1	1	1	1
20230405171848	17.17	0.83	-41.52	8.11	11.51	1	1	1	1
20230405171849	17.13	0.9	-40.78	8.06	11.51	1	1	1	1
20230405171850	17.14	0.9	-40.77	8.01	11.46	1	1	1	1
20230405171852	17.11	0.94	-40.37	7.94	11.43	1	1	1	1
20230405171853	17.11	0.94	-40.37	7.91	11.34	1	1	1	1
20230405171854	17.15	0.88	-40.98	7.86	11.31	1	1	1	1
20230405171855	17.1	0.92	-40.58	7.81	11.31	1	1	1	1
20230405171856	17.11	0.94	-40.37	7.76	11.28	1	1	1	1
20230405171857	17.11	0.88	-41.0	7.74	11.25	1	1	1	1
20230405171858	17.1	0.92	-40.58	7.69	11.19	1	1	1	1
20230405171859	17.08	0.86	-41.24	7.64	11.16	1	1	1	1
20230405171900	17.08	0.88	-41.02	7.59	11.11	1	1	1	1
20230405171901	17.07	0.9	-40.81	7.54	11.16	1	1	1	1
20230405171903	17.08	0.94	-40.39	7.54	11.11	1	1	1	1
20230405171904	17.07	0.9	-40.81	7.49	11.05	1	1	1	1
20230405171905	17.05	0.9	-40.82	7.44	11.05	1	1	1	1
20230405171906	17.03	0.84	-41.49	7.44	10.99	1	1	1	1
20230405171907	17.04	0.97	-40.11	7.39	10.96	1	1	1	1
20230405171908	17.04	0.86	-41.26	7.34	10.93	1	1	1	1
20230405171909	17.04	0.95	-40.31	7.34	10.9	1	1	1	1
20230405171910	17.0	0.92	-40.64	7.29	10.87	1	1	1	1
20230405171911	17.0	0.97	-40.14	7.27	10.9	1	1	1	1
20230405171912	16.98	0.93	-40.55	7.24	10.84	1	1	1	1
20230405171913	17.0	0.92	-40.64	7.22	10.82	1	1	1	1
20230405171915	16.98	0.9	-40.87	7.19	10.79	1	1	1	1
20230405171916	16.94	0.84	-41.55	7.14	10.79	1	1	1	1
20230405171917	17.0	0.86	-41.29	7.14	10.79	1	1	1	1
20230405171918	16.98	0.9	-40.87	7.12	10.79	1	1	1	1
20230405171919	16.95	0.88	-41.1	7.12	10.76	1	1	1	1
20230405171920	16.95	0.89	-40.99	7.07	10.7	1	1	1	1
20230405171921	16.94	0.88	-41.11	7.04	10.7	1	1	1	1
20230405171922	16.94	0.91	-40.79	7.02	10.67	1	1	1	1
20230405171923	16.94	0.91	-40.79	7.02	10.67	1	1	1	1
20230405171924	16.94	0.86	-41.32	6.99	10.67	1	1	1	1
20230405171926	16.94	0.88	-41.11	6.97	10.67	1	1	1	1
20230405171927	16.93	0.89	-41.0	6.94	10.64	1	1	1	1
20230405171928	16.91	0.86	-41.34	6.94	10.61	1	1	1	1
20230405171929	16.88	0.91	-40.82	6.92	10.61	1	1	1	1
20230405171930	16.88	0.91	-40.82	6.92	10.58	1	1	1	1
20230405171931	16.9	0.91	-40.81	6.92	10.58	1	1	1	1
20230405171932	16.87	0.91	-40.83	6.89	10.55	1	1	1	1
20230405171933	16.88	0.93	-40.61	6.89	10.55	1	1	1	1
20230405171934	16.87	0.89	-41.04	6.87	10.55	1	1	1	1
20230405171935	16.87	0.91	-40.83	6.82	10.55	1	1	1	1
20230405171936	16.87	0.97	-40.22	6.79	10.53	1	1	1	1
20230405171938	16.86	1.0	-39.93	6.72	10.47	1	1	1	1
20230405171939	16.86	0.87	-41.26	6.67	10.47	1	1	1	1
20230405171940	16.84	0.91	-40.85	6.64	10.44	1	1	1	1
20230405171941	16.84	0.87	-41.27	6.59	10.44	1	1	1	1
20230405171942	16.84	0.91	-40.85	6.55	10.41	1	1	1	1
20230405171943	16.83	0.85	-41.5	6.52	10.35	1	1	1	1
20230405171944	16.82	0.87	-41.29	6.42	10.26	1	1	1	1
20230405171945	16.82	0.87	-41.29	6.4	10.29	1	1	1	1
20230405171946	16.83	0.89	-41.06	6.37	10.26	1	1	1	1
20230405171947	16.83	0.91	-40.85	6.3	10.18	1	1	1	1
20230405171948	16.79	0.91	-40.88	6.3	10.18	1	1	1	1
20230405171949	16.8	0.91	-40.87	6.25	10.15	1	1	1	1
20230405171951	16.82	0.89	-41.07	6.17	10.12	1	1	1	1
20230405171952	16.79	0.87	-41.3	6.17	10.12	1	1	1	1
20230405171953	16.77	0.87	-41.32	6.12	10.09	1	1	1	1
20230405171954	16.76	0.89	-41.11	6.1	10.06	1	1	1	1
20230405171955	16.77	0.87	-41.32	6.07	10.03	1	1	1	1
20230405171956	16.77	0.93	-40.68	6.05	10.0	1	1	1	1
20230405171957	16.76	0.89	-41.11	6.0	9.97	1	1	1	1
20230405171958	16.76	0.89	-41.11	6.0	9.97	1	1	1	1
20230405171959	16.76	0.89	-41.11	5.95	9.94	1	1	1	1
20230405172000	16.76	0.93	-40.69	5.92	9.92	1	1	1	1
20230405172002	16.74	0.91	-40.91	5.9	9.86	1	1	1	1
20230405172003	16.73	0.85	-41.56	5.9	9.83	1	1	1	1
20230405172004	16.74	0.87	-41.33	5.82	9.8	1	1	1	1
20230405172005	16.73	0.89	-41.12	5.85	9.83	1	1	1	1
20230405172006	16.73	0.89	-41.12	5.82	9.83	1	1	1	1
20230405172007	16.7	0.89	-41.14	5.8	9.83	1	1	1	1
20230405172008	16.72	0.85	-41.57	5.77	9.8	1	1	1	1
20230405172009	16.74	0.83	-41.78	5.77	9.77	1	1	1	1
20230405172010	16.72	0.89	-41.13	5.75	9.77	1	1	1	1
20230405172011	16.7	0.87	-41.36	5.77	9.74	1	1	1	1
20230405172013	16.7	0.87	-41.36	6.15	9.74	1	1	1	1
20230405172014	16.7	0.92	-40.83	6.64	9.89	1	1	1	1
20230405172015	16.7	0.89	-41.14	7.22	10.03	1	1	1	1
20230405172016	16.69	0.94	-40.63	7.84	10.29	1	1	1	1
20230405172017	16.73	0.89	-41.12	8.46	10.58	1	1	1	1
20230405172018	16.73	0.87	-41.34	9.11	10.93	1	1	1	1
20230405172019	16.72	0.91	-40.92	9.73	11.28	1	1	1	1
20230405172020	16.73	0.89	-41.12	10.36	11.63	1	1	1	1
20230405172021	16.77	0.91	-40.89	10.99	12.04	1	1	1	1
20230405172022	16.77	0.83	-41.76	11.62	12.45	1	1	1	1
20230405172024	16.8	0.89	-41.08	12.2	12.86	1	1	1	1
20230405172025	16.83	0.91	-40.85	12.81	13.27	1	1	1	1
20230405172026	16.84	0.86	-41.38	13.42	13.65	1	1	1	1
20230405172027	16.88	0.97	-40.21	14.01	14.07	1	1	1	1
20230405172028	16.97	0.93	-40.56	14.58	14.45	1	1	1	1
20230405172029	16.98	0.92	-40.66	15.15	14.87	1	1	1	1
20230405172030	17.01	0.88	-41.06	15.69	15.28	1	1	1	1
20230405172031	17.05	0.86	-41.26	16.22	15.67	1	1	1	1
20230405172032	17.1	0.88	-41.01	16.77	16.03	1	1	1	1
20230405172033	17.15	0.9	-40.76	17.27	16.42	1	1	1	1
20230405172034	17.17	0.9	-40.75	17.78	16.78	1	1	1	1
20230405172036	17.23	0.89	-40.82	18.26	17.12	1	1	1	1
20230405172037	17.27	0.96	-40.07	18.77	17.51	1	1	1	1
20230405172038	17.3	0.94	-40.26	19.24	17.85	1	1	1	1
20230405172039	17.41	0.97	-39.89	19.73	18.21	1	1	1	1
20230405172040	17.45	0.99	-39.67	20.2	18.55	1	1	1	1
20230405172041	17.51	0.99	-39.63	20.61	18.82	1	1	1	1
20230405172042	17.55	0.92	-40.31	21.14	19.22	1	1	1	1
20230405172043	17.61	0.95	-39.97	21.62	19.6	1	1	1	1
20230405172044	17.64	0.92	-40.26	22.13	19.91	1	1	1	1
20230405172045	17.69	0.96	-39.82	22.62	20.28	1	1	1	1
20230405172047	17.75	0.9	-40.4	23.11	20.59	1	1	1	1
20230405172048	17.8	0.98	-39.55	23.57	20.94	1	1	1	1
20230405172049	17.85	0.9	-40.34	24.01	21.25	1	1	1	1
20230405172050	17.95	0.94	-39.86	24.48	21.6	1	1	1	1
20230405172051	18.0	0.89	-40.36	24.93	21.92	1	1	1	1
20230405172052	18.06	0.97	-39.49	25.35	22.24	1	1	1	1
20230405172053	18.13	0.89	-40.28	25.81	22.53	1	1	1	1
20230405172054	18.15	0.97	-39.44	26.2	22.85	1	1	1	1
20230405172055	18.2	0.93	-39.81	26.6	23.14	1	1	1	1
20230405172056	18.29	0.96	-39.45	26.98	23.46	1	1	1	1
20230405172057	18.33	1.03	-38.74	27.38	23.72	1	1	1	1
20230405172058	18.37	0.98	-39.2	27.79	24.02	1	1	1	1
20230405172059	18.46	0.98	-39.15	28.17	24.28	1	1	1	1
20230405172101	18.47	1.0	-38.95	28.56	24.58	1	1	1	1
20230405172102	18.55	0.96	-39.29	28.94	24.84	1	1	1	1
20230405172103	18.6	0.97	-39.16	29.27	25.11	1	1	1	1
20230405172104	18.68	0.95	-39.32	29.63	25.41	1	1	1	1
20230405172105	18.8	0.99	-38.84	30.0	25.67	1	1	1	1
20230405172106	18.85	0.97	-39.01	30.33	25.94	1	1	1	1
20230405172107	18.92	1.01	-38.58	30.66	26.18	1	1	1	1
20230405172108	18.98	0.99	-38.73	31.0	26.38	1	1	1	1
20230405172109	19.02	1.0	-38.61	31.34	26.65	1	1	1	1
20230405172110	19.06	1.0	-38.59	31.69	26.96	1	1	1	1
20230405172111	19.11	1.06	-37.99	32.0	27.16	1	1	1	1
20230405172112	19.19	1.08	-37.75	32.35	27.47	1	1	1	1
20230405172113	19.25	1.0	-38.47	32.63	27.65	1	1	1	1
